7 0.378125 0.36171875 0.0484375 0.178125
4 0.4125 0.37421875 0.0375 0.20390625
89 0.43671875 0.3828125 0.03203125 0.215625
56 0.45546875 0.39375 0.02265625 0.19921875
23 0.475 0.40703125 0.01796875 0.20546875
10 0.3390625 0.3375 0.04765625 0.16484375
0 0.49765625 0.4078125 0.0234375 0.203125
17 0.528125 0.4078125 0.02890625 0.2015625
20 0.55234375 0.41015625 0.01953125 0.1921875
24 0.571875 0.38984375 0.025 0.2015625
27 0.59453125 0.38046875 0.03125 0.20859375
30 0.61796875 0.3734375 0.02734375 0.19140625
33 0.6515625 0.35546875 0.04609375 0.16796875
37 0.6921875 0.321875 0.04375 0.171875
70 0.51171875 0.59375 0.025 0.11171875
73 0.48515625 0.5859375 0.025 0.13046875
76 0.4578125 0.6 0.02890625 0.146875
80 0.4359375 0.5953125 0.0296875 0.184375
83 0.403125 0.58046875 0.05859375 0.19765625
86 0.3578125 0.54765625 0.07734375 0.19375
90 0.303125 0.4875 0.08515625 0.17578125
43 0.5375 0.59765625 0.0234375 0.11875
47 0.56328125 0.6 0.0234375 0.13125
50 0.58828125 0.61875 0.02734375 0.1796875
53 0.61484375 0.60859375 0.0359375 0.1828125
57 0.63984375 0.575 0.04375 0.171875
60 0.6796875 0.54921875 0.0703125 0.1953125
63 0.72578125 0.49609375 0.08046875 0.18359375
66 0.75546875 0.41171875 0.0640625 0.13125